
110409231
110445407
110448874
109529068
109740634
110458273
110171802
107331974
110449772
110453698
110090531
110449324
110464279
107676931
110461402
110182690
110462866
110464339
108643840
110464167
110464499
107533701
104155906
110460093
110464364
107074465
110464565
84358012
89294224
110464628
110463829
110464143
110327705
110129760
107884065
110463051
110463997
109689660
108652519
110447864
110380895
110450182
110168477
95392890
110397106
108264119
102617743
110456101
110464996
110464893
99420648
110093331
110461326
85571621
110462361
110462531
83493441
109797470
110464713
109475748
110465083
103272297
96041466
110465153
110452808
110465125
110465249
110429188
107142867
110460831
108907257
110465298
110465257
89325684
110465414
110461859
110460224
110465481
110182414
97148620
110108718
110462463
109820771
85248654
108653595
110465352
108326258
86823426
110465596
110129620
109841384
110465584
110464927
110465634
81942714
81500037
106000152
110460499
110465823
102720400
102931432
110465775
110318488
110465812
94494114
110465031
110465830
88251847
107684168
110465897
110465841
110465848
110466012
103878644
110228173
108746137
110338230
110453535
110459921
110466075
110466047
110445445
109817975
110229293
110466174
110462293
110466142
110466202
110464497
110466321
109798758
110466318
109293289
110466297
110465598
110466201
110462566
110412396
110466029
110466388
110466433
110138836
110466535
110466366
110466448
110466581
110463728
110447536
110412308
110466306
110416336
108481717
109034378
110465877
110466679
110466722
110443195
103196353
110466505
110145853
110466649
109804291
110466577
110167387
108414938
110078563
110463818
104712111
110466187
109590616
110139133
105840137
110466879
110466991
109907343
110466874
110177079
110419566
74988006
110466954
74902799
110467155
110457980
109969010
110467192
109590585
107489552
110465263
110467068
81555256
110466017
110429043
110465073
110443562
109398982
104809731
110410127
110467364
107544203
109997532
109573156
110157694
109850060
110099437
110228775
107971246
110467485
108974035
110359392
110466687
109307937
110467500
110457912
110189067
110467689
110459293
107358680
110445434
109787709
64005793
110467576
110467812
104159082
110467709
105639857
110335059
90548156
110467889
101788662
110467646
110460526
110372405
110467891
107309626
110464675
106303310
110468052
110468046
110345886
110450928
110468067
110466604
110468093
110468245
110467849
110463664
103260278
84830407
110468091
110468333
110466875
110141126
110468420
110468219
110461861
110384061
103580376
110468569
110067124
110468597
110326052
110461670
110468613
110468674
110466119
72561880
110456501
108539190
110397828
110466206
110468719
81869933
110468494
110451993
110468850
106795435
109043688
110468756
93256607
110468892
110468969
110468971
110447567
69564548
110468916
110466806
109478100
110468987
110469085
110469061
110468757
110469000
110092278
110468991
110469131
110469136
103013398
110447953
103256228
110468641
110468902
110462441
110181902
110465966
110397009
110469343
108275717
107839850
109795525
97347859